1: spec-3586-55181-0958.dr9
[ 8.740497  9.666564 11.44847  10.04181   9.01502   7.869709  8.854001
  8.855597  9.143601 10.87774   9.844144  6.890114  8.793626  8.360769
  7.542257]
(4064.433, 5356.116, 5431.877)
(8.855597, 6.2335899999999995, 6.0888305)
2: spec-3587-55182-0100.dr9
[11.59876 12.29322 14.04095 13.36728 11.67361 11.93743 13.27202 10.86217
 11.89074 12.91865 12.37651 11.90292 12.47127 11.28935 11.85905]
(4064.433, 5356.116, 5431.877)
(11.93743, 6.065916, 5.8578205)
3: spec-3587-55182-0132.dr9
[6.942208 7.031063 6.725445 6.4023   7.637783 6.797405 7.158792 6.774362
 6.392786 7.502538 6.691806 6.079427 6.706494 7.122571 6.955506]
(5687.219, 7495.489, 7601.511)
(6.797405, 4.563211, 4.418369)
4: spec-3587-55182-0282.dr9
[3.840596 3.953387 3.29216  3.42986  4.027395 3.868224 4.767644 4.877713
 3.936288 3.244803 3.751731 4.653713 3.94344  4.506616 3.70071 ]
(4109.604, 5415.6425, 5491.615)
(3.936288, 3.411341, 3.498901)
5: spec-3587-55182-0346.dr9
[6.663891 4.30541  5.238342 6.184585 7.096171 7.143984 5.52026  6.479951
 6.05531  5.049861 5.847162 6.817509 5.556967 6.35515  5.037594]
(3851.234, 5075.746, 5147.544)
(6.05531, 5.405838, 5.370615)
6: spec-3587-55182-0570.dr9
[21.48274 22.58868 21.0654  21.74119 21.37957 20.51186 21.81045 19.56475
 21.3718  21.40826 20.95513 20.8887  19.88136 20.2057  22.04257]
(4140.95, 5457.579, 5534.774)
(21.3718, 11.65018, 11.59393)
7: spec-3587-55182-0734.dr9
[1.699357 2.641721 3.286696 3.317929 4.092101 2.986007 4.711464 4.741566
 4.464422 4.521939 4.060642 3.555921 2.559395 3.392104 4.370245]
(5435.005, 7162.2585, 7263.568499999999)
(3.555921, 2.881284, 2.82692)
8: spec-3588-55184-0486.dr9
[3.612001 3.914588 4.063537 3.840235 4.310726 3.782557 3.591641 3.81652
 3.45588  3.883962 3.797621 3.630698 3.579232 3.816932 4.101495]
(4938.556, 6508.0365, 6600.093000000001)
(3.81652, 2.508141, 2.5589985)
9: spec-3588-55184-0491.dr9
[7.741663 8.082543 7.920908 7.647721 7.866289 8.054665 7.943635 7.089036
 6.447313 7.073802 8.131905 7.209661 7.041581 8.307518 8.108152]
(4253.045, 5604.67, 5683.947)
(7.866289, 5.218303, 4.9077655)
