1 899 spec-3810-55531-0104.dr9 380.6075671873664 -0.4028939258737382
2 900 spec-3810-55531-0245.dr9 658881283.5150149 -2.1487004886652463
3 901 spec-3810-55531-0842.dr9 95878.91039048006 -1.0811207811273866
4 902 spec-3810-55531-0848.dr9 12684265.073681233 -1.6165139637864276
5 903 spec-3811-55538-0830.dr9 4124661.3155707866 -1.5614747535602564
6 904 spec-3811-55538-0938.dr9 47690529.4035526 -1.856927477307703
7 905 spec-3811-55538-0972.dr9 104270632.64218664 -1.8682934878150204
8 906 spec-3811-55538-0990.dr9 2765018634.8544188 -2.327425590276047
9 907 spec-3812-55513-0330.dr9 48992664009.040855 -2.6236861485415024
10 908 spec-3812-55513-0496.dr9 1217.796415252177 -0.595190180566728
11 909 spec-3812-55513-0558.dr9 15140729.173997456 -1.7541042176996198
12 910 spec-3812-55513-0580.dr9 27314949.48097581 -1.809887348899694
13 911 spec-3812-55513-0606.dr9 92255205.56096989 -1.966300453208103
14 912 spec-3812-55513-0822.dr9 4199448.448860657 -1.545414433705513
15 913 spec-3813-55532-0114.dr9 5875676420.54516 -2.4407707620974555
16 914 spec-3813-55532-0172.dr9 1045632917.9388087 -2.1667140071378403
17 915 spec-3813-55532-0510.dr9 22.055431458894688 -0.19749203234436588
18 916 spec-3813-55532-0622.dr9 934216915.3258619 -2.2193174891045317
19 917 spec-3813-55532-0646.dr9 330651499.92698604 -2.0947302192859465
20 918 spec-3813-55532-0791.dr9 72118662942.68219 -2.752239683641922
21 919 spec-3813-55532-0800.dr9 18616059.597810045 -1.7985562030402087
22 920 spec-3813-55532-0824.dr9 251521.64565875972 -1.2569001803436444
23 921 spec-3813-55532-0878.dr9 6312555.428151486 -1.5767146404400914
24 922 spec-3813-55532-0998.dr9 4.895046920143504 -0.01012558080157567
25 923 spec-3814-55535-0014.dr9 79218780.62860522 -1.875587890209114
26 924 spec-3814-55535-0306.dr9 57458935.63063729 -1.8252455477859388
27 925 spec-3815-55537-0030.dr9 1719228.3983546665 -1.4815766696292794
28 926 spec-3815-55537-0072.dr9 33956063.02516581 -1.7784691297221562
29 927 spec-3815-55537-0086.dr9 113822465.44543394 -1.9452409825506602
30 928 spec-3815-55537-0098.dr9 550.046681707194 -0.5825806715711978
31 929 spec-3815-55537-0237.dr9 9.11936114237473 -0.08044749891100589
32 930 spec-3815-55537-0266.dr9 7160910.156784245 -1.6216548322378843
33 931 spec-3815-55537-0368.dr9 1160.4458655761882 -0.6154384471796845
34 932 spec-3815-55537-0706.dr9 176121.00487373312 -1.2037192697601418
35 933 spec-3815-55537-0878.dr9 278637.9030697404 -1.2663774937993952
36 934 spec-3815-55537-0910.dr9 30249412.21128712 -1.771991067045361
37 935 spec-3816-55272-0090.dr9 13373950.388772158 -1.7488124502719977
38 936 spec-3816-55272-0549.dr9 368856.93258207483 -1.2209646131371523
39 937 spec-3816-55272-0600.dr9 498378408.4710093 -2.1466936023651417
40 938 spec-3816-55272-0614.dr9 622975.9129555005 -1.322580981843253
41 939 spec-3816-55272-0618.dr9 26665.266006316553 -1.0189718907091643
42 940 spec-3816-55272-0672.dr9 180519.695295006 -1.2243057962726571
43 941 spec-3816-55272-0688.dr9 29817.872439544026 -0.9342264301113121
44 942 spec-3816-55272-0738.dr9 176868840.20213228 -1.8505830347900503
45 943 spec-3816-55272-0836.dr9 261872.6124293314 -1.158600256297508
46 944 spec-3816-55272-0878.dr9 559998.678445609 -1.3401206193782407
47 945 spec-3817-55277-0020.dr9 6120.594947097972 -0.8678026150140429
48 946 spec-3817-55277-0218.dr9 28132677.054098204 -1.8079098044110296
49 947 spec-3817-55277-0368.dr9 13408276.765450906 -1.6127917600975044
50 948 spec-3817-55277-0474.dr9 312880971.4972799 -1.932193295252283
51 949 spec-3817-55277-0578.dr9 7.89468558395277e-10 2.626372532071463
52 950 spec-3817-55277-0647.dr9 2884.021808112693 -0.7531889313923942
53 951 spec-3817-55277-0648.dr9 268144.9315650363 -1.1892575654092343
54 952 spec-3817-55277-0792.dr9 363511.5262967234 -1.3650331729865672
55 953 spec-3817-55277-0862.dr9 92530459.83433935 -1.9343535402787484
56 954 spec-3817-55277-0934.dr9 3431704.8230315717 -1.5422810032214869
57 955 spec-3817-55277-0990.dr9 3232026813.320337 -2.196613120929799
58 956 spec-3818-55532-0142.dr9 106431.85147077618 -1.1313196158780139
59 957 spec-3818-55532-0528.dr9 321340825.4706808 -2.072335438621533
60 958 spec-3818-55532-0676.dr9 5248526.635668167 -1.583321616323661
61 959 spec-3818-55532-0762.dr9 21077633.92479893 -1.7094409468863554
62 960 spec-3818-55532-0810.dr9 139941.95220663617 -1.2368720723211106
63 961 spec-3818-55532-0856.dr9 150710.53856339966 -1.2291297958083234
64 962 spec-3818-55532-0980.dr9 183190449.45740622 -2.104097618961132
65 963 spec-3819-55540-0028.dr9 142190918778.85458 -2.758125491298833
66 964 spec-3819-55540-0046.dr9 176444442421382.47 -3.5952841665263326
67 965 spec-3819-55540-0166.dr9 12091358144.237509 -2.5131271245074833
68 966 spec-3819-55540-0672.dr9 109304320.66699725 -1.9411268418189402
69 967 spec-3819-55540-0702.dr9 1315251.1265194344 -1.3762539305573296
70 968 spec-3819-55540-0806.dr9 561703495.7216693 -2.145032089937601
71 969 spec-3819-55540-0900.dr9 1340787.328653016 -1.4061602094502095
72 970 spec-3820-55542-0116.dr9 210516.84785563254 -1.2079619626412201
73 971 spec-3820-55542-0328.dr9 5457261.815379034 -1.5777020906362815
74 972 spec-3820-55542-0548.dr9 485254982.3068619 -2.0749754071535054
75 973 spec-3820-55542-0660.dr9 601156705.3474156 -2.079928384666056
76 974 spec-3821-55535-0436.dr9 75383720856365.88 -3.5684927188379603
77 975 spec-3821-55535-0554.dr9 37340572.536532976 -1.8364179882236717
78 976 spec-3821-55535-0628.dr9 11928620950.301582 -2.5023325242059404
79 977 spec-3821-55535-0766.dr9 786350.069068917 -1.284886367569215
80 978 spec-3821-55535-0820.dr9 189779.97926486685 -1.214559519786809
81 979 spec-3821-55535-0821.dr9 125850048.55411361 -1.9355733849640082
82 980 spec-3821-55535-0914.dr9 5.712405875198838 -0.0008912227748341375
83 981 spec-3821-55535-0996.dr9 37387637406.02465 -2.562237448492837
84 982 spec-3822-55544-0044.dr9 917605994.7374285 -2.194439988921325
85 983 spec-3822-55544-0476.dr9 6117677859.707672 -2.3957404233242787
86 984 spec-3822-55544-0600.dr9 1938535.1877455479 -1.5474358435503197
87 985 spec-3822-55544-0750.dr9 256209.60778171945 -1.2506917875009589
88 986 spec-3822-55544-0816.dr9 41082037.929673865 -1.892703363249781
89 987 spec-3822-55544-0908.dr9 8090904.347726026 -1.5689383174243394
90 988 spec-3823-55534-0044.dr9 60546307632.672714 -2.7207953454191025
91 989 spec-3823-55534-0564.dr9 141784281.74385437 -1.9113302029855546
92 990 spec-3823-55534-0732.dr9 1255040.6692514163 -1.4705878480726151
93 991 spec-3823-55534-0754.dr9 22516.164977679087 -1.0070207249511063
94 992 spec-3823-55534-0822.dr9 384554.9121143518 -1.3060362730793778
95 993 spec-3823-55534-0914.dr9 437100.0899378664 -1.302045811828113
96 994 spec-3825-55533-0650.dr9 139370.17907587255 -1.1479983805502008
97 995 spec-3825-55533-0692.dr9 49473.02075577637 -1.0153851050037002
98 996 spec-3825-55533-0784.dr9 72194731.58660991 -1.865472797581723
99 997 spec-3825-55533-0890.dr9 10107355.307933364 -1.6396013225335635
100 998 spec-3825-55533-0974.dr9 4431334.947930455 -1.5213052152001105
101 999 spec-3826-55563-0112.dr9 10187644136.10032 -2.4854226327942373
102 1000 spec-3826-55563-0148.dr9 827524208.0485989 -2.1798386416462243
103 1001 spec-3826-55563-0190.dr9 23233021.126918484 -1.7576895542697821
104 1002 spec-3826-55563-0634.dr9 83936883.42921686 -1.9152484426989984
105 1003 spec-3826-55563-0772.dr9 526.0367328238668 -0.49078698510958435
106 1004 spec-3826-55563-0860.dr9 408.6957817766254 -0.4953881397097787
107 1005 spec-3826-55563-0869.dr9 1326.0440947170298 -0.5889210402546089
108 1006 spec-3826-55563-0872.dr9 334.77902678109166 -0.5276377751997244
109 1007 spec-3826-55563-0891.dr9 150485.050936257 -1.204587740976026
110 1008 spec-3826-55563-0900.dr9 18854.260460234065 -0.9468229226908578
111 1009 spec-3827-55565-0090.dr9 137762174.5940298 -2.0253020135256405
112 1010 spec-3827-55565-0262.dr9 3254802.690706159 -1.5703024670860983
113 1011 spec-3827-55565-0274.dr9 56283259.46508596 -1.9236497240782449
114 1012 spec-3827-55565-0436.dr9 166516492145.70676 -2.8330038338355563
115 1013 spec-3827-55565-0508.dr9 99216.4486213899 -1.138318666894828
116 1014 spec-3827-55565-0618.dr9 5104016.9748805445 -1.6185353952275323
117 1015 spec-3827-55565-0952.dr9 2860510146.7163005 -2.274384161968785
118 1016 spec-3828-55539-0016.dr9 25737737299.567856 -2.594980618357717
119 1017 spec-3828-55539-0072.dr9 49.95827730055559 -0.2731072527818753
120 1018 spec-3828-55539-0112.dr9 115181513.5161485 -1.969468036522387
121 1019 spec-3828-55539-0118.dr9 312161.54767107073 -1.3092894298713136
122 1020 spec-3828-55539-0148.dr9 231540881.9757561 -2.083481265394752
123 1021 spec-3828-55539-0522.dr9 4456791272.298212 -2.392939914381011
124 1022 spec-3828-55539-0554.dr9 0.00020203886925557145 1.1670271201751805
125 1023 spec-3828-55539-0558.dr9 205537877.49190152 -1.9892022065149577
126 1024 spec-3828-55539-0578.dr9 2946465494.3691626 -2.393269090771863
127 1025 spec-3828-55539-0602.dr9 6499971.419882087 -1.6262377822886493
128 1026 spec-3828-55539-0774.dr9 349.25753916310083 -0.5286397774221826
129 1027 spec-3828-55539-0810.dr9 49830991.732103385 -1.8611847649955326
