496 1394 spec-3865-55272-0912.dr9 3.61004
24 922 spec-3813-55532-0998.dr9 3.64339
17 915 spec-3813-55532-0510.dr9 4.59544
51 949 spec-3817-55277-0578.dr9 5.17396
124 1022 spec-3828-55539-0554.dr9 5.21143
313 1211 spec-3851-55302-0404.dr9 5.68645
348 1246 spec-3853-55268-0736.dr9 5.80239
452 1350 spec-3862-55276-0806.dr9 6.6913
160 1058 spec-3832-55289-0560.dr9 6.89715
371 1269 spec-3855-55268-0342.dr9 7.13847
30 928 spec-3815-55537-0098.dr9 7.27239
407 1305 spec-3858-55273-1000.dr9 7.39406
31 929 spec-3815-55537-0237.dr9 7.50635
430 1328 spec-3860-55269-0826.dr9 7.75571
550 1448 spec-3871-55307-0234.dr9 7.91463
438 1336 spec-3861-55274-0350.dr9 7.93171
537 1435 spec-3870-55273-0461.dr9 8.03468
587 1485 spec-3874-55280-0970.dr9 8.11214
512 1410 spec-3867-55652-0322.dr9 8.42715
395 1293 spec-3857-55272-0570.dr9 8.51345
554 1452 spec-3871-55307-0940.dr9 8.63105
590 1488 spec-3875-55364-0499.dr9 8.68946
462 1360 spec-3864-55649-0150.dr9 8.85878
11 909 spec-3812-55513-0558.dr9 8.87439
317 1215 spec-3851-55302-0562.dr9 9.02457
349 1247 spec-3853-55268-0776.dr9 9.09253
560 1458 spec-3872-55382-0306.dr9 9.29547
572 1470 spec-3872-55382-0968.dr9 9.30602
166 1064 spec-3832-55289-0778.dr9 9.34337
82 980 spec-3821-55535-0914.dr9 9.37874
218 1116 spec-3839-55575-0530.dr9 9.50384
574 1472 spec-3873-55277-0486.dr9 9.50827
331 1229 spec-3852-55243-0468.dr9 9.54507
302 1200 spec-3850-55575-0698.dr9 9.62026
403 1301 spec-3858-55273-0612.dr9 9.64867
215 1113 spec-3838-55588-0854.dr9 9.68798
325 1223 spec-3852-55243-0244.dr9 9.70624
522 1420 spec-3868-55360-0982.dr9 9.713
596 1494 spec-3875-55364-0868.dr9 9.76544
385 1283 spec-3856-55269-0362.dr9 9.79299
471 1369 spec-3864-55649-0752.dr9 9.86612
211 1109 spec-3838-55588-0364.dr9 9.87838
337 1235 spec-3852-55243-0780.dr9 9.88285
284 1182 spec-3848-55647-0896.dr9 9.93421
93 991 spec-3823-55534-0754.dr9 9.94942
