300 spec-9564-57817-0665-dered.dr16 5233757.722528585 -1.5503798122031969
301 spec-11085-58462-0573-dered.dr16 166381690.2139293 -1.9399618064585495
302 spec-5204-56036-0816-dered.dr16 369611474.704445 -1.8893110743744654
303 spec-5360-55983-0014-dered.dr16 5129.967520811672 -0.6649350323383474
304 spec-5395-56003-0542-dered.dr16 1682.6687602651132 -0.6162246162446032
305 spec-5397-55944-0352-dered.dr16 1627097.355190106 -1.414502078941956
306 spec-5397-55944-0906-dered.dr16 4280.849058352465 -0.7444408320612096
307 spec-5799-56325-0058-dered.dr16 15399590.156901645 -1.69470423962311
308 spec-5801-56328-0854-dered.dr16 650.5385855747245 -0.5512624744364529
309 spec-5877-56041-0833-dered.dr16 3914639.110002927 -1.541667264312028
310 spec-5885-56036-0405-dered.dr16 39.67345170997037 -0.15351540620300283
311 spec-5890-56037-0394-dered.dr16 17076108.764236413 -1.6616684083911561
312 spec-5894-56039-0220-dered.dr16 265114788.2525179 -1.9062957897544375
313 spec-5900-56043-0250-dered.dr16 38840276.95766591 -1.7354131261254548
314 spec-5903-56064-0038-dered.dr16 2421031.650211313 -1.4924403757378037
315 spec-6017-56075-0590-dered.dr16 369617.2001857579 -1.17854028179624
316 spec-6406-56330-0854-dered.dr16 3688777.6470051925 -1.4912410505154918
317 spec-6429-56274-0236-dered.dr16 22964021.912314475 -1.79067674818584
318 spec-6449-56356-0116-dered.dr16 7374441.012715263 -1.6120537458679673
319 spec-6635-56370-0548-dered.dr16 60096268.999085955 -1.8566561876623964
320 spec-6833-56413-0278-dered.dr16 100.85676680422876 -0.12634343188371844
321 spec-6973-56741-0344-dered.dr16 393166448.80171156 -2.0248832012509173
322 spec-7565-56809-0200-dered.dr16 21469512.767391965 -1.6385568096494418
323 spec-7718-57362-0079-dered.dr16 421.5821041559807 -0.4883706567116111
324 spec-8490-57104-0424-dered.dr16 420067.5800795518 -1.1698880150315485
325 spec-10467-58138-0567-dered.dr16 44924.88707871555 -0.9454338179951659
326 spec-11118-58522-0814-dered.dr16 12237.525815982299 -0.9003905748887979
327 spec-8532-58022-0979-dered.dr16 2090643.1627542432 -1.4605163222841693
328 spec-10228-58223-0180-dered.dr16 1747204882.8404691 -2.2741938281023044
329 spec-7750-58402-0902-dered.dr16 10.525718058285111 -0.01459259062517536
330 spec-10449-58137-0887-dered.dr16 886322431.7545123 -2.2093557586032526
331 spec-7702-58017-0856-dered.dr16 3985366.2234048476 -1.5478279235487284
332 spec-8055-57187-0793-dered.dr16 15.306481026944706 -0.11561914988664207
333 spec-8372-57787-0510-dered.dr16 494271999547.8679 -2.9464531034432593
334 spec-8743-57663-0458-dered.dr16 217316.66670658128 -1.0496589339992524
335 spec-9239-58018-0304-dered.dr16 0.0006764458723954913 1.0387550651360042
336 spec-9143-57665-0035-dered.dr16 909.4133452197057 -0.4832894811655015
337 spec-7640-57311-0018-dered.dr16 65470.916694532374 -1.0959922895713043
338 spec-7722-58425-0298-dered.dr16 27590008.205766965 -1.7680413274661972
339 spec-8754-58425-0656-dered.dr16 0.00497530464156792 0.842320552252651
340 spec-7915-57309-0358-dered.dr16 2106439.183451954 -1.4805186195453246
341 spec-7906-57333-0305-dered.dr16 115244.98123891576 -1.091949853053109
342 spec-5165-56063-0726-dered.dr16 744381.3059180117 -1.358485776692352
343 spec-5200-56091-0107-dered.dr16 72423650.41974317 -1.864901073895615
344 spec-5423-55958-0320-dered.dr16 4199565.776199085 -1.5533165438706908
345 spec-5480-56001-0920-dered.dr16 139110772.60243887 -1.949020310666552
346 spec-6058-56090-0210-dered.dr16 17082574.89807454 -1.6868269933021605
347 spec-6121-56187-0890-dered.dr16 23788.94619443239 -0.8615481023310559
348 spec-6644-56384-0409-dered.dr16 31523148.621598847 -1.7119010248486026
349 spec-6737-56365-0860-dered.dr16 423236.7921810306 -1.2314512166745992
350 spec-6833-56413-0792-dered.dr16 52303685699.816795 -2.713730196364608
351 spec-6838-56429-0490-dered.dr16 14.291014458367316 -0.05360818659487922
352 spec-7059-56592-0610-dered.dr16 8367333.345273966 -1.6583322027678635
353 spec-7184-56629-0327-dered.dr16 26.460156877329727 -0.10495018799841288
354 spec-7675-57327-0758-dered.dr16 2166632229.500506 -2.2866104244514833
355 spec-8227-57427-0354-dered.dr16 94938953.495065 -1.9559128044631695
356 spec-8292-57373-0176-dered.dr16 9.46507929168494 -0.030908718459247985
357 spec-8424-58248-0642-dered.dr16 10192733.318366472 -1.6791430401023204
358 spec-8427-57846-0465-dered.dr16 481.2742554348743 -0.5148824658626702
359 spec-8738-57402-0294-dered.dr16 10885.322256618574 -0.9138171137278978
360 spec-11040-58456-0383-dered.dr16 234.44933005858329 -0.40491139730183157
361 spec-7842-56899-0718-dered.dr16 24373657.422969215 -1.742130261896487
362 spec-10720-58250-0979-dered.dr16 33658073.658066966 -1.781078524858358
363 spec-11342-58425-0433-dered.dr16 350270.0429933991 -1.2719382090271008
364 spec-7611-56946-0066-dered.dr16 2246612.5313984803 -1.5232574698226076
365 spec-9405-58048-0552-dered.dr16 17.253469284933193 -0.028041579480410826
366 spec-10938-58514-0582-dered.dr16 2132355718.2036815 -2.2280470070939598
367 spec-7650-57575-0269-dered.dr16 5.043824912284453 0.015182515830770075
368 spec-7679-57367-0342-dered.dr16 5216176.048825227 -1.4941652973883026
369 spec-9177-58044-0684-dered.dr16 131.36661760738286 -0.3731593299435193
370 spec-11303-58428-0400-dered.dr16 900790.5588099591 -1.408043543805614
371 spec-7579-56954-0755-dered.dr16 16186109.310007833 -1.7559627476087312
372 spec-11315-58402-0654-dered.dr16 5851432.92830448 -1.6085168630740927
373 spec-7702-58017-0190-dered.dr16 111575017.50409947 -2.005381794646905
374 spec-8379-57787-0065-dered.dr16 488768165.74969137 -2.122149142581621
375 spec-8530-58016-0875-dered.dr16 28574.097862753537 -0.9934019732998008
376 spec-5339-55922-0676-dered.dr16 15.04148463298243 -0.029490760107367318
377 spec-5396-55947-1000-dered.dr16 3.3679002523637014e-05 1.5470034652435292
378 spec-5448-56013-0106-dered.dr16 12810596.6484146 -1.7121122968590368
379 spec-5864-56047-0876-dered.dr16 141.19961145065622 -0.3682405395797993
380 spec-5974-56314-0518-dered.dr16 302022280.9259204 -1.9409437020536495
381 spec-5977-56098-0276-dered.dr16 115727246.63455108 -1.8468647207392708
382 spec-6040-56101-0884-dered.dr16 534715597.3635279 -2.0975961483772596
383 spec-6492-56362-0738-dered.dr16 5753253.090343753 -1.5257848603777215
384 spec-6647-56390-0160-dered.dr16 8604498.818160081 -1.6520525951367637
385 spec-6790-56430-0166-dered.dr16 613756819.4852196 -2.1172435052774947
386 spec-8383-57518-0610-dered.dr16 5382225.702630494 -1.5762599718473989
387 spec-7700-58016-0489-dered.dr16 4663.313914209095 -0.7801155074123589
388 spec-7729-58135-0732-dered.dr16 13830.416860773026 -0.8566477514830944
389 spec-7861-57281-0784-dered.dr16 112898790.72464673 -1.9589807578899676
390 spec-10260-58173-0710-dered.dr16 61460869.74732534 -1.8943676207046167
391 spec-7835-56986-0686-dered.dr16 73024.81830585354 -1.0749707057832192
392 spec-7633-56931-0960-dered.dr16 1460244163.2306552 -2.196108060724494
393 spec-8371-57786-0265-dered.dr16 2595028.39943122 -1.4928443719218443
394 spec-7879-57359-0194-dered.dr16 139535.13229255806 -1.2018422226681964
395 spec-7720-58101-0606-dered.dr16 271772.7421569612 -1.1974243685970145
396 spec-8376-57786-0850-dered.dr16 147294681.84019956 -2.0140326961657697
397 spec-8514-58174-0512-dered.dr16 0.03315179515669179 0.6554008103676258
398 spec-9590-57813-0295-dered.dr16 10160259774.08019 -2.3003780282804906
399 spec-4468-55894-0786-dered.dr16 256026703.9213664 -1.8863155649226715
400 spec-4835-56016-0460-dered.dr16 2359910001.7351365 -2.2529502619052626
401 spec-5174-56047-0005-dered.dr16 14664.639327688323 -0.8678446872158857
402 spec-5203-56034-0346-dered.dr16 1527154.0781254221 -1.3394004873015661
403 spec-5315-55978-0366-dered.dr16 221634.38202545984 -1.155236634134032
404 spec-5377-55957-0558-dered.dr16 0.5732168848459442 0.3925299509620522
405 spec-5380-55980-0768-dered.dr16 532017.1400212542 -1.2981079676738423
406 spec-5782-56272-0604-dered.dr16 978856296.4516405 -2.129961833353835
407 spec-5784-56029-0226-dered.dr16 4238346.173610857 -1.5740288146851649
408 spec-5968-56356-0408-dered.dr16 96.8968799126226 -0.28687206737978305
409 spec-5987-56339-0860-dered.dr16 150.2565322237367 -0.28775192055616716
410 spec-5997-56309-0870-dered.dr16 2556398.6845168816 -1.3704697116135214
411 spec-6312-56487-0636-dered.dr16 8857.70937935723 -0.8048246571332813
412 spec-6482-56358-0520-dered.dr16 237649.71091624026 -1.178222798626708
413 spec-6627-56369-0996-dered.dr16 20826604.994407542 -1.6623386821464263
414 spec-6800-56399-0724-dered.dr16 424100.07461406017 -1.2853081635844927
415 spec-7382-56991-0118-dered.dr16 962268665.2214681 -2.196605593952566
416 spec-8862-57461-0960-dered.dr16 1108720703810.6462 -2.9326654301581567
417 spec-9177-58044-0678-dered.dr16 1157423.317530018 -1.4538655574477184
418 spec-9549-57807-0304-dered.dr16 118740398.62817682 -1.8882706676086245
419 spec-9552-57814-0059-dered.dr16 2461912.716138123 -1.463914606312807
420 spec-7619-56900-0602-dered.dr16 178920358.64643902 -1.955804956703093
421 spec-7646-57570-0161-dered.dr16 15788936546.590147 -2.542244246633096
422 spec-7651-57654-0456-dered.dr16 19909321.028233536 -1.7302525000776456
423 spec-7668-57579-0707-dered.dr16 8086089.75644624 -1.6015447791707846
424 spec-7833-57286-0932-dered.dr16 54.495381842413764 -0.28568646935908776
425 spec-8520-58191-0231-dered.dr16 749746596.9724262 -2.1551154659702463
426 spec-11379-58438-0758-dered.dr16 354001829.3288556 -2.050072062978891
427 spec-7624-57039-0660-dered.dr16 7333211501.027548 -2.435904848903745
428 spec-9357-57807-0077-dered.dr16 3130635206.849703 -2.3455798220283546
429 spec-8860-57458-0932-dered.dr16 6286673425.1243 -2.456295239448046
430 spec-7829-57011-0780-dered.dr16 209923.89311478435 -1.244960562889315
431 spec-8760-57672-0002-dered.dr16 0.003950526787492581 0.9514922775192063
432 spec-11309-58428-0424-dered.dr16 10324.512015651802 -0.8145872454886298
433 spec-7655-57336-0208-dered.dr16 827862.0016101676 -1.3671121164093072
434 spec-10245-58161-0274-dered.dr16 210957.362505086 -1.2303355816220383
435 spec-8297-57416-0527-dered.dr16 102104971487.46507 -2.7793223529803632
436 spec-8871-57519-0054-dered.dr16 147133943.00692168 -1.9819806289202224
437 spec-10431-58137-0135-dered.dr16 6633.743520943778 -0.7296249333028346
438 spec-5340-56011-0988-dered.dr16 836214.8619982285 -1.3415184516873728
439 spec-5352-56269-0584-dered.dr16 7693269.918069138 -1.5239803689639977
440 spec-5427-56001-0455-dered.dr16 581.7188275295214 -0.5090911419106835
441 spec-5793-56337-0712-dered.dr16 43752702.74555243 -1.8166586592815295
442 spec-5854-56035-0580-dered.dr16 27543.132727182387 -0.9256716243380653
443 spec-6044-56090-0648-dered.dr16 949347284.8354987 -2.169678913108616
444 spec-6385-56356-0373-dered.dr16 86781.74184817563 -1.1168595082676558
445 spec-6975-56720-0458-dered.dr16 313.21263084539504 -0.4481145162847653
446 spec-6986-56717-0208-dered.dr16 178614291.056398 -1.998545967560946
447 spec-7109-56658-0710-dered.dr16 184950439.01336855 -2.0045266837659845
448 spec-7449-56740-0862-dered.dr16 49.383981284219374 -0.13527617643652656
449 spec-7622-56987-0561-dered.dr16 134.60666577191193 -0.3718032931369803
450 spec-7850-56956-0314-dered.dr16 0.0002005060689356924 1.2350663988440247
451 spec-10921-58251-0219-dered.dr16 6983815.121001095 -1.615896418305538
452 spec-11296-58425-0574-dered.dr16 19171738.58010033 -1.739277736184073
453 spec-7912-57310-0351-dered.dr16 20128864.252883073 -1.761996525656734
454 spec-8525-57900-0758-dered.dr16 28644.343422184716 -0.9839763688268315
455 spec-9411-58070-0555-dered.dr16 87947.2154955354 -1.1238927800176985
456 spec-10434-58140-0572-dered.dr16 40441598.46318762 -1.7468973373655827
457 spec-9147-58038-0241-dered.dr16 0.30511396561171156 0.4358597418257822
458 spec-10660-58466-0671-dered.dr16 4973727.91863943 -1.5934989450786354
459 spec-7630-57006-0180-dered.dr16 486751037.05059034 -2.0426442689904136
460 spec-7821-57279-0079-dered.dr16 163786.55835744322 -1.1405933983136656
461 spec-8057-57190-0226-dered.dr16 0.05895336892419868 0.5618129989800822
462 spec-8760-57672-0738-dered.dr16 482432.7751304444 -1.3454451288302394
463 spec-11650-58508-0652-dered.dr16 568111.4589955847 -1.2960131051443204
464 spec-11294-58451-0910-dered.dr16 1177062361.527729 -2.198221748551343
465 spec-5358-56016-0486-dered.dr16 6642.371416716693 -0.7928508793331932
466 spec-5403-55979-0500-dered.dr16 2447173.091649004 -1.3741787376450678
467 spec-5779-56338-0292-dered.dr16 14239.009886341855 -0.7899818939980964
468 spec-5863-56042-0042-dered.dr16 2880.7469085664484 -0.7051699708253372
469 spec-5867-56034-0637-dered.dr16 12672728.772535585 -1.5405258671277142
470 spec-5880-56042-0522-dered.dr16 20513070.16027636 -1.7132750393316079
471 spec-6048-56072-0860-dered.dr16 15955944.446927289 -1.69973617893209
472 spec-6369-56217-0778-dered.dr16 3433.9185455558413 -0.7299351346362052
473 spec-6660-56370-0736-dered.dr16 139448790928.64316 -2.726067298900706
474 spec-6661-56366-0222-dered.dr16 30106765.712198727 -1.8161419224967117
475 spec-6685-56412-0378-dered.dr16 2754984.7697504386 -1.4896466711156733
476 spec-6690-56416-0385-dered.dr16 897199.1242926201 -1.3375942208976632
477 spec-6703-56636-0507-dered.dr16 95434889.53296874 -1.9259447675673167
478 spec-6745-56425-0434-dered.dr16 4230.610197548002 -0.7566551679803134
479 spec-6970-56444-0172-dered.dr16 10845981.027957456 -1.6576298970351082
480 spec-7236-56605-0334-dered.dr16 5056292.641800181 -1.6108669185177797
481 spec-8506-57893-0528-dered.dr16 1439755.7848028038 -1.353357036691311
482 spec-8830-57447-0885-dered.dr16 269550.73336601484 -1.2779599728744964
483 spec-7576-56948-0202-dered.dr16 3402994323.438891 -2.3583066688390906
484 spec-7622-56987-0104-dered.dr16 854415655.6969368 -2.2041328374471827
485 spec-7685-57062-0486-dered.dr16 4840.191409103875 -0.7119381308043613
486 spec-7717-58100-0677-dered.dr16 39512459.21199253 -1.8485859523781412
487 spec-7710-58284-0752-dered.dr16 808447.0832455583 -1.3959016039842338
488 spec-8729-57399-0420-dered.dr16 35207519.38933321 -1.8050884421574986
489 spec-10723-58287-0019-dered.dr16 8440379555575.436 -3.206532088292224
490 spec-11296-58425-0466-dered.dr16 13245642.097639592 -1.657528974759908
491 spec-8190-57448-0250-dered.dr16 2998515560.3590045 -2.307861771469651
492 spec-8729-57399-0670-dered.dr16 2841726.2725554067 -1.5379453783023813
493 spec-8732-57418-0032-dered.dr16 9.768379177657772 -0.09514488673882493
494 spec-11046-58398-0643-dered.dr16 326384.24132241216 -1.1760126912678046
495 spec-9355-57814-0118-dered.dr16 0.0006549963795792097 1.0689593489281972
496 spec-8755-58138-0309-dered.dr16 58714.51633538592 -1.0593075007778163
497 spec-10264-58162-0775-dered.dr16 160429280.500272 -2.0282094440756824
498 spec-7647-57655-0066-dered.dr16 4224157.996002875 -1.601249484925146
499 spec-7748-58396-0649-dered.dr16 14967792111634.324 -3.2112654907079006
500 spec-8542-57933-0232-dered.dr16 7842653.067844664 -1.6787571455762047
501 spec-5396-55947-0930-dered.dr16 1991912.39126773 -1.3767491324056924
502 spec-5741-55980-0190-dered.dr16 21612.371736769634 -0.8928703544147012
503 spec-5987-56339-0498-dered.dr16 844511.9683500883 -1.3048466692060692
504 spec-6034-56103-0712-dered.dr16 178138286.48768374 -1.9051151080770627
505 spec-7377-56741-0822-dered.dr16 1097717.518984745 -1.4028418906166238
506 spec-7580-56955-0827-dered.dr16 403957120.6266877 -2.020628780369712
507 spec-7655-57336-0358-dered.dr16 75933111.29572889 -1.8278634987840148
508 spec-7830-57043-0274-dered.dr16 74924.28856031277 -1.1087063522271376
509 spec-8839-57846-0263-dered.dr16 6272623702.590838 -2.2049367770926644
510 spec-11293-58462-0855-dered.dr16 0.21263389011852965 0.3377815137986164
511 spec-8286-57062-0292-dered.dr16 136304.2617928818 -1.1943928942083113
512 spec-9405-58048-0965-dered.dr16 0.0011865292541365683 1.0070699397308438
513 spec-10667-58163-0190-dered.dr16 1169519.5690758966 -1.4028530083612765
514 spec-7892-57333-0024-dered.dr16 17413.040138937464 -0.8154772826514474
515 spec-7769-58420-0284-dered.dr16 3072351524.829617 -2.353166215996694
516 spec-7707-57663-0492-dered.dr16 508.2763137405051 -0.4645991495310397
517 spec-11396-58490-0784-dered.dr16 817089.708573555 -1.2752405680846748
518 spec-7867-57003-0055-dered.dr16 126583087.98813696 -1.982651233727665
519 spec-7576-56948-0604-dered.dr16 2510594.8742719777 -1.551101401147219
520 spec-8525-57900-0815-dered.dr16 196053.87028452597 -1.1969524207185795
521 spec-9407-58041-0707-dered.dr16 402345348.0200889 -2.089464490396435
522 spec-10917-58252-0620-dered.dr16 0.4862045730330998 0.33880468916261847
523 spec-7713-58096-0948-dered.dr16 687725.4235145709 -1.3542421202482526
524 spec-8233-57887-0733-dered.dr16 16487565420.939718 -2.58350531779367
525 spec-8424-58248-0592-dered.dr16 1016134244.8954701 -2.1526643441363613
526 spec-11303-58428-0234-dered.dr16 90779.14197679708 -1.0776570349790193
527 spec-7915-57309-0871-dered.dr16 7009440.682431167 -1.6562166638027842
528 spec-8850-57782-0468-dered.dr16 18053150.877019554 -1.7487639003212812
529 spec-10460-58161-0739-dered.dr16 57450746.19921728 -1.87009729072083
530 spec-5164-56067-0928-dered.dr16 742263455.2424062 -2.049561528987654
531 spec-6003-56311-0344-dered.dr16 11836299.88925411 -1.6902876400802842
532 spec-6486-56328-0254-dered.dr16 16648.189029262016 -0.8462074177228537
533 spec-6690-56416-0328-dered.dr16 476988.0357900396 -1.2951782231053457
534 spec-6690-56416-0370-dered.dr16 37935041.731742434 -1.6974551170957082
535 spec-6829-56453-0709-dered.dr16 125.39950034058472 -0.3603656951362383
536 spec-7659-57060-0819-dered.dr16 9816987.430212071 -1.693815792531557
537 spec-8525-57900-0814-dered.dr16 316958.01273363375 -1.3024093539681123
538 spec-8491-57488-0396-dered.dr16 5116219.826907362 -1.6249116048389889
539 spec-9352-57805-0621-dered.dr16 1074838667.1330664 -2.229459258038827
540 spec-10762-58390-0632-dered.dr16 39561690.91236215 -1.8409294157164486
541 spec-10904-58402-0049-dered.dr16 1522558037.2483501 -2.2664999999294473
542 spec-11108-58467-0872-dered.dr16 1798511.2878464067 -1.4489549965408328
543 spec-11114-58437-0780-dered.dr16 819793.5824559503 -1.2738539365969057
544 spec-9331-57711-0233-dered.dr16 1318474743.782483 -2.151632076596766
545 spec-9344-58038-0868-dered.dr16 6252833.387402323 -1.6103603783618141
546 spec-11295-58456-0458-dered.dr16 92609856.33925545 -1.9540479686398775
547 spec-9173-58069-0823-dered.dr16 38310661236.367485 -2.592610022408537
548 spec-9372-58074-0133-dered.dr16 3263.875733563753 -0.7000537319048541
549 spec-9396-58101-0713-dered.dr16 5712513.881681516 -1.5672337626139514
550 spec-11080-58401-0400-dered.dr16 274353.01364344155 -1.2622404759024686
551 spec-11315-58402-0862-dered.dr16 11109.624659672976 -0.8479344402179206
552 spec-7664-57367-0194-dered.dr16 10339590.800894687 -1.6386440713092456
553 spec-8748-58396-0922-dered.dr16 0.5134850815065717 0.32686509751974885
554 spec-11554-58456-0715-dered.dr16 113199.81616256988 -1.1537930202613944
555 spec-8761-58430-0769-dered.dr16 386.8367433393448 -0.4057897923514449
556 spec-9372-58074-0171-dered.dr16 5.285954101603492 0.06963309923151921
557 spec-4373-55811-0056-dered.dr16 5.777051504738176e-11 3.098416447001518
558 spec-5443-56010-0580-dered.dr16 0.4763739580471562 0.29760940050583534
559 spec-5808-56325-0532-dered.dr16 175540.42167760257 -1.12562722037189
560 spec-5905-56065-0668-dered.dr16 6093268030.48261 -2.4262948816241914
561 spec-5973-56067-0372-dered.dr16 23937507.662827462 -1.7193216892956302
562 spec-6322-56190-0422-dered.dr16 0.012551626232496085 0.8392772029794504
563 spec-6477-56365-0530-dered.dr16 483767.70986648405 -1.328761104753138
564 spec-6627-56369-0176-dered.dr16 205177.76610778083 -1.211335307997192
565 spec-6642-56396-0658-dered.dr16 13042.330979600625 -0.8950021513165912
566 spec-6833-56413-0876-dered.dr16 8247942.777620313 -1.621492338130603
567 spec-7166-56602-0399-dered.dr16 21898546.342222456 -1.741628856823952
568 spec-9341-57743-0141-dered.dr16 34.01974989582289 -0.12582892574462617
569 spec-9394-58108-0381-dered.dr16 0.10483422966920572 0.6159417928433024
570 spec-9546-57864-0317-dered.dr16 6954184.017418493 -1.5465961368238903
571 spec-10665-58456-0272-dered.dr16 3515151.93074224 -1.5626263013470623
572 spec-7288-57039-0332-dered.dr16 150212118.5357328 -2.0060319691782333
573 spec-7733-58103-0752-dered.dr16 191412.4035502411 -1.114766589381183
574 spec-8056-57186-0716-dered.dr16 3164.2827850410663 -0.7476686874013971
575 spec-10291-58101-0718-dered.dr16 2081272.4531974716 -1.480467097380273
576 spec-7585-57190-0662-dered.dr16 0.171162627198587 0.4042793684534201
577 spec-8058-57196-0944-dered.dr16 10643866.739574067 -1.6826809863430943
578 spec-8538-57549-0746-dered.dr16 0.00012586663055390169 1.282582514373376
579 spec-7691-57360-0584-dered.dr16 429.08920061395173 -0.48190287220715694
580 spec-7838-56958-0926-dered.dr16 47199.86760551899 -1.0802581656741594
581 spec-8746-58396-0342-dered.dr16 29859.655458184956 -0.9876259795145019
582 spec-7598-56956-0226-dered.dr16 1419831.8182106984 -1.458608755914228
583 spec-7904-57358-0084-dered.dr16 2707.259255836099 -0.6917384165916052
584 spec-8194-57401-0322-dered.dr16 861616678.1749289 -2.18585997465303
585 spec-7826-56931-0420-dered.dr16 824642654.3643512 -2.2076159205671844
586 spec-7845-56980-0536-dered.dr16 42.580530784284406 -0.22422114966794546
587 spec-11288-58401-0844-dered.dr16 996696.5106509747 -1.396973325674749
588 spec-8055-57187-0579-dered.dr16 9.319262894083263e-06 1.647297882625786
589 spec-7683-58133-0391-dered.dr16 572.4457067295654 -0.5654511308710614
590 spec-8280-57061-0554-dered.dr16 96725374.95826598 -1.961818814956842
591 spec-4970-56039-0268-dered.dr16 45522.95456966459 -1.0534940860784512
592 spec-5352-56269-0334-dered.dr16 844.1598175542565 -0.6261841664422535
593 spec-5469-56037-0868-dered.dr16 19.71257508197421 -0.05197067944551523
594 spec-5790-56271-0071-dered.dr16 6316429.682118499 -1.5512652499511148
595 spec-5975-56334-0920-dered.dr16 19152.31625530881 -0.9130343068097397
596 spec-6010-56097-0090-dered.dr16 1112629.9441492816 -1.279774047012961
597 spec-6018-56067-0058-dered.dr16 26919.840723387468 -1.0201982397221252
598 spec-6430-56299-0510-dered.dr16 149098014.45194498 -1.91193645094046
599 spec-6709-56429-0888-dered.dr16 3973183.6077892547 -1.585049020200898
600 spec-6795-56425-0850-dered.dr16 191.80468488729505 -0.41231875299040793
